Case #1: Possible
1 1
1 1
Case #2: Possible
62 1 1 1 1 1 1 1 1 1 1 1 1 1 1 1 1 1 1 1
200 200 200 200 200 200 200 200 200 200 200 200 200 200 200 200 200 200 200 1
200 200 200 200 200 200 200 200 200 200 200 200 200 200 200 200 200 200 200 1
200 200 200 200 200 200 200 200 200 200 200 200 200 200 200 200 200 200 200 1
200 200 200 200 200 200 200 200 200 200 200 200 200 200 200 200 200 200 200 1
200 200 200 200 200 200 200 200 200 200 200 200 200 200 200 200 200 200 200 1
200 200 200 200 200 200 200 200 200 200 200 200 200 200 200 200 200 200 200 1
200 200 200 200 200 200 200 200 200 200 200 200 200 200 200 200 200 200 200 1
200 200 200 200 200 200 200 200 200 200 200 200 200 200 200 200 200 200 200 1
200 200 200 200 200 200 200 200 200 200 200 200 200 200 200 200 200 200 200 1
200 200 200 200 200 200 200 200 200 200 200 200 200 200 200 200 200 200 200 1
200 200 200 200 200 200 200 200 200 200 200 200 200 200 200 200 200 200 200 1
200 200 200 200 200 200 200 200 200 200 200 200 200 200 200 200 200 200 200 1
200 200 200 200 200 200 200 200 200 200 200 200 200 200 200 200 200 200 200 1
200 200 200 200 200 200 200 200 200 200 200 200 200 200 200 200 200 200 200 1
200 200 200 200 200 200 200 200 200 200 200 200 200 200 200 200 200 200 200 1
200 200 200 200 200 200 200 200 200 200 200 200 200 200 200 200 200 200 200 1
200 200 200 200 200 200 200 200 200 200 200 200 200 200 200 200 200 200 200 1
200 200 200 200 200 200 200 200 200 200 200 200 200 200 200 200 200 200 200 1
162 1 1 1 1 1 1 1 1 1 1 1 1 1 1 1 1 1 1 1
Case #3: Possible
997 1
997 1
Case #4: Possible
136 1 1 1
528 528 528 1
528 528 528 1
528 528 528 1
528 528 528 1
520 1 1 1
Case #5: Possible
250 1 1 1 1 1 1 1 1 1 1 1 1 1 1 1 1 1 1 1 1 1 1 1 1 1 1 1 1 1 1 1 1 1 1 1 1 1 1 1 1 1 1 1 1 1 1 1 1 1
10 1 1 1 1 1 1 1 1 1 1 1 1 1 1 1 1 1 1 1 1 1 1 1 1 1 1 1 1 1 1 1 1 1 1 1 1 1 1 1 1 1 1 1 1 1 1 1 1 1
Case #6: Possible
396 1 1 1 1 1 1 1 1 1 1
418 418 418 418 418 418 418 418 418 418 1
418 418 418 418 418 418 418 418 418 418 1
418 418 418 418 418 418 418 418 418 418 1
418 418 418 418 418 418 418 418 418 418 1
418 418 418 418 418 418 418 418 418 418 1
418 418 418 418 418 418 418 418 418 418 1
418 418 418 418 418 418 418 418 418 418 1
418 418 418 418 418 418 418 418 418 418 1
418 418 418 418 418 418 418 418 418 418 1
418 418 418 418 418 418 418 418 418 418 1
418 418 418 418 418 418 418 418 418 418 1
107 1 1 1 1 1 1 1 1 1 1
Case #7: Impossible
Case #8: Impossible
Case #9: Impossible
Case #10: Possible
749 1 1 1 1 1 1 1 1 1 1 1 1 1 1 1 1 1 1 1 1 1 1 1 1 1 1 1 1 1 1 1 1 1 1 1 1 1 1 1 1 1 1 1 1 1 1 1 1 1
803 803 803 803 803 803 803 803 803 803 803 803 803 803 803 803 803 803 803 803 803 803 803 803 803 803 803 803 803 803 803 803 803 803 803 803 803 803 803 803 803 803 803 803 803 803 803 803 803 1
803 803 803 803 803 803 803 803 803 803 803 803 803 803 803 803 803 803 803 803 803 803 803 803 803 803 803 803 803 803 803 803 803 803 803 803 803 803 803 803 803 803 803 803 803 803 803 803 803 1
803 803 803 803 803 803 803 803 803 803 803 803 803 803 803 803 803 803 803 803 803 803 803 803 803 803 803 803 803 803 803 803 803 803 803 803 803 803 803 803 803 803 803 803 803 803 803 803 803 1
803 803 803 803 803 803 803 803 803 803 803 803 803 803 803 803 803 803 803 803 803 803 803 803 803 803 803 803 803 803 803 803 803 803 803 803 803 803 803 803 803 803 803 803 803 803 803 803 803 1
38 1 1 1 1 1 1 1 1 1 1 1 1 1 1 1 1 1 1 1 1 1 1 1 1 1 1 1 1 1 1 1 1 1 1 1 1 1 1 1 1 1 1 1 1 1 1 1 1 1
Case #11: Possible
53 1 1
435 435 1
435 435 1
430 1 1
Case #12: Possible
1 1 1
6 6 1
6 6 1
1 1 1
Case #13: Possible
1 1
998 1
Case #14: Possible
102 1 1 1 1 1 1 1 1 1 1 1 1 1 1 1 1 1 1 1 1 1 1 1 1 1
161 161 161 161 161 161 161 161 161 161 161 161 161 161 161 161 161 161 161 161 161 161 161 161 161 1
161 161 161 161 161 161 161 161 161 161 161 161 161 161 161 161 161 161 161 161 161 161 161 161 161 1
161 161 161 161 161 161 161 161 161 161 161 161 161 161 161 161 161 161 161 161 161 161 161 161 161 1
161 161 161 161 161 161 161 161 161 161 161 161 161 161 161 161 161 161 161 161 161 161 161 161 161 1
161 161 161 161 161 161 161 161 161 161 161 161 161 161 161 161 161 161 161 161 161 161 161 161 161 1
161 161 161 161 161 161 161 161 161 161 161 161 161 161 161 161 161 161 161 161 161 161 161 161 161 1
161 161 161 161 161 161 161 161 161 161 161 161 161 161 161 161 161 161 161 161 161 161 161 161 161 1
161 161 161 161 161 161 161 161 161 161 161 161 161 161 161 161 161 161 161 161 161 161 161 161 161 1
161 161 161 161 161 161 161 161 161 161 161 161 161 161 161 161 161 161 161 161 161 161 161 161 161 1
161 161 161 161 161 161 161 161 161 161 161 161 161 161 161 161 161 161 161 161 161 161 161 161 161 1
161 161 161 161 161 161 161 161 161 161 161 161 161 161 161 161 161 161 161 161 161 161 161 161 161 1
161 161 161 161 161 161 161 161 161 161 161 161 161 161 161 161 161 161 161 161 161 161 161 161 161 1
161 161 161 161 161 161 161 161 161 161 161 161 161 161 161 161 161 161 161 161 161 161 161 161 161 1
161 161 161 161 161 161 161 161 161 161 161 161 161 161 161 161 161 161 161 161 161 161 161 161 161 1
161 161 161 161 161 161 161 161 161 161 161 161 161 161 161 161 161 161 161 161 161 161 161 161 161 1
161 161 161 161 161 161 161 161 161 161 161 161 161 161 161 161 161 161 161 161 161 161 161 161 161 1
161 161 161 161 161 161 161 161 161 161 161 161 161 161 161 161 161 161 161 161 161 161 161 161 161 1
161 161 161 161 161 161 161 161 161 161 161 161 161 161 161 161 161 161 161 161 161 161 161 161 161 1
161 161 161 161 161 161 161 161 161 161 161 161 161 161 161 161 161 161 161 161 161 161 161 161 161 1
161 161 161 161 161 161 161 161 161 161 161 161 161 161 161 161 161 161 161 161 161 161 161 161 161 1
161 161 161 161 161 161 161 161 161 161 161 161 161 161 161 161 161 161 161 161 161 161 161 161 161 1
161 161 161 161 161 161 161 161 161 161 161 161 161 161 161 161 161 161 161 161 161 161 161 161 161 1
161 161 161 161 161 161 161 161 161 161 161 161 161 161 161 161 161 161 161 161 161 161 161 161 161 1
161 161 161 161 161 161 161 161 161 161 161 161 161 161 161 161 161 161 161 161 161 161 161 161 161 1
161 161 161 161 161 161 161 161 161 161 161 161 161 161 161 161 161 161 161 161 161 161 161 161 161 1
161 161 161 161 161 161 161 161 161 161 161 161 161 161 161 161 161 161 161 161 161 161 161 161 161 1
161 161 161 161 161 161 161 161 161 161 161 161 161 161 161 161 161 161 161 161 161 161 161 161 161 1
161 161 161 161 161 161 161 161 161 161 161 161 161 161 161 161 161 161 161 161 161 161 161 161 161 1
161 161 161 161 161 161 161 161 161 161 161 161 161 161 161 161 161 161 161 161 161 161 161 161 161 1
161 161 161 161 161 161 161 161 161 161 161 161 161 161 161 161 161 161 161 161 161 161 161 161 161 1
161 161 161 161 161 161 161 161 161 161 161 161 161 161 161 161 161 161 161 161 161 161 161 161 161 1
161 161 161 161 161 161 161 161 161 161 161 161 161 161 161 161 161 161 161 161 161 161 161 161 161 1
161 161 161 161 161 161 161 161 161 161 161 161 161 161 161 161 161 161 161 161 161 161 161 161 161 1
54 1 1 1 1 1 1 1 1 1 1 1 1 1 1 1 1 1 1 1 1 1 1 1 1 1
Case #15: Possible
181 1 1 1
211 211 211 1
211 211 211 1
205 1 1 1
Case #16: Possible
9 1 1
8 1 1
Case #17: Possible
35 1 1 1 1 1 1 1 1 1 1 1 1 1 1 1 1 1 1 1 1 1 1 1 1 1 1 1 1 1 1 1 1 1 1 1 1 1 1 1 1 1 1 1 1
156 156 156 156 156 156 156 156 156 156 156 156 156 156 156 156 156 156 156 156 156 156 156 156 156 156 156 156 156 156 156 156 156 156 156 156 156 156 156 156 156 156 156 156 1
156 156 156 156 156 156 156 156 156 156 156 156 156 156 156 156 156 156 156 156 156 156 156 156 156 156 156 156 156 156 156 156 156 156 156 156 156 156 156 156 156 156 156 156 1
156 156 156 156 156 156 156 156 156 156 156 156 156 156 156 156 156 156 156 156 156 156 156 156 156 156 156 156 156 156 156 156 156 156 156 156 156 156 156 156 156 156 156 156 1
156 156 156 156 156 156 156 156 156 156 156 156 156 156 156 156 156 156 156 156 156 156 156 156 156 156 156 156 156 156 156 156 156 156 156 156 156 156 156 156 156 156 156 156 1
156 156 156 156 156 156 156 156 156 156 156 156 156 156 156 156 156 156 156 156 156 156 156 156 156 156 156 156 156 156 156 156 156 156 156 156 156 156 156 156 156 156 156 156 1
156 156 156 156 156 156 156 156 156 156 156 156 156 156 156 156 156 156 156 156 156 156 156 156 156 156 156 156 156 156 156 156 156 156 156 156 156 156 156 156 156 156 156 156 1
156 156 156 156 156 156 156 156 156 156 156 156 156 156 156 156 156 156 156 156 156 156 156 156 156 156 156 156 156 156 156 156 156 156 156 156 156 156 156 156 156 156 156 156 1
156 156 156 156 156 156 156 156 156 156 156 156 156 156 156 156 156 156 156 156 156 156 156 156 156 156 156 156 156 156 156 156 156 156 156 156 156 156 156 156 156 156 156 156 1
156 156 156 156 156 156 156 156 156 156 156 156 156 156 156 156 156 156 156 156 156 156 156 156 156 156 156 156 156 156 156 156 156 156 156 156 156 156 156 156 156 156 156 156 1
156 156 156 156 156 156 156 156 156 156 156 156 156 156 156 156 156 156 156 156 156 156 156 156 156 156 156 156 156 156 156 156 156 156 156 156 156 156 156 156 156 156 156 156 1
156 156 156 156 156 156 156 156 156 156 156 156 156 156 156 156 156 156 156 156 156 156 156 156 156 156 156 156 156 156 156 156 156 156 156 156 156 156 156 156 156 156 156 156 1
156 156 156 156 156 156 156 156 156 156 156 156 156 156 156 156 156 156 156 156 156 156 156 156 156 156 156 156 156 156 156 156 156 156 156 156 156 156 156 156 156 156 156 156 1
156 156 156 156 156 156 156 156 156 156 156 156 156 156 156 156 156 156 156 156 156 156 156 156 156 156 156 156 156 156 156 156 156 156 156 156 156 156 156 156 156 156 156 156 1
156 156 156 156 156 156 156 156 156 156 156 156 156 156 156 156 156 156 156 156 156 156 156 156 156 156 156 156 156 156 156 156 156 156 156 156 156 156 156 156 156 156 156 156 1
156 156 156 156 156 156 156 156 156 156 156 156 156 156 156 156 156 156 156 156 156 156 156 156 156 156 156 156 156 156 156 156 156 156 156 156 156 156 156 156 156 156 156 156 1
156 156 156 156 156 156 156 156 156 156 156 156 156 156 156 156 156 156 156 156 156 156 156 156 156 156 156 156 156 156 156 156 156 156 156 156 156 156 156 156 156 156 156 156 1
156 156 156 156 156 156 156 156 156 156 156 156 156 156 156 156 156 156 156 156 156 156 156 156 156 156 156 156 156 156 156 156 156 156 156 156 156 156 156 156 156 156 156 156 1
156 156 156 156 156 156 156 156 156 156 156 156 156 156 156 156 156 156 156 156 156 156 156 156 156 156 156 156 156 156 156 156 156 156 156 156 156 156 156 156 156 156 156 156 1
156 156 156 156 156 156 156 156 156 156 156 156 156 156 156 156 156 156 156 156 156 156 156 156 156 156 156 156 156 156 156 156 156 156 156 156 156 156 156 156 156 156 156 156 1
156 156 156 156 156 156 156 156 156 156 156 156 156 156 156 156 156 156 156 156 156 156 156 156 156 156 156 156 156 156 156 156 156 156 156 156 156 156 156 156 156 156 156 156 1
156 156 156 156 156 156 156 156 156 156 156 156 156 156 156 156 156 156 156 156 156 156 156 156 156 156 156 156 156 156 156 156 156 156 156 156 156 156 156 156 156 156 156 156 1
156 156 156 156 156 156 156 156 156 156 156 156 156 156 156 156 156 156 156 156 156 156 156 156 156 156 156 156 156 156 156 156 156 156 156 156 156 156 156 156 156 156 156 156 1
156 156 156 156 156 156 156 156 156 156 156 156 156 156 156 156 156 156 156 156 156 156 156 156 156 156 156 156 156 156 156 156 156 156 156 156 156 156 156 156 156 156 156 156 1
156 156 156 156 156 156 156 156 156 156 156 156 156 156 156 156 156 156 156 156 156 156 156 156 156 156 156 156 156 156 156 156 156 156 156 156 156 156 156 156 156 156 156 156 1
156 156 156 156 156 156 156 156 156 156 156 156 156 156 156 156 156 156 156 156 156 156 156 156 156 156 156 156 156 156 156 156 156 156 156 156 156 156 156 156 156 156 156 156 1
156 156 156 156 156 156 156 156 156 156 156 156 156 156 156 156 156 156 156 156 156 156 156 156 156 156 156 156 156 156 156 156 156 156 156 156 156 156 156 156 156 156 156 156 1
156 156 156 156 156 156 156 156 156 156 156 156 156 156 156 156 156 156 156 156 156 156 156 156 156 156 156 156 156 156 156 156 156 156 156 156 156 156 156 156 156 156 156 156 1
156 156 156 156 156 156 156 156 156 156 156 156 156 156 156 156 156 156 156 156 156 156 156 156 156 156 156 156 156 156 156 156 156 156 156 156 156 156 156 156 156 156 156 156 1
156 156 156 156 156 156 156 156 156 156 156 156 156 156 156 156 156 156 156 156 156 156 156 156 156 156 156 156 156 156 156 156 156 156 156 156 156 156 156 156 156 156 156 156 1
156 156 156 156 156 156 156 156 156 156 156 156 156 156 156 156 156 156 156 156 156 156 156 156 156 156 156 156 156 156 156 156 156 156 156 156 156 156 156 156 156 156 156 156 1
156 156 156 156 156 156 156 156 156 156 156 156 156 156 156 156 156 156 156 156 156 156 156 156 156 156 156 156 156 156 156 156 156 156 156 156 156 156 156 156 156 156 156 156 1
156 156 156 156 156 156 156 156 156 156 156 156 156 156 156 156 156 156 156 156 156 156 156 156 156 156 156 156 156 156 156 156 156 156 156 156 156 156 156 156 156 156 156 156 1
156 156 156 156 156 156 156 156 156 156 156 156 156 156 156 156 156 156 156 156 156 156 156 156 156 156 156 156 156 156 156 156 156 156 156 156 156 156 156 156 156 156 156 156 1
156 156 156 156 156 156 156 156 156 156 156 156 156 156 156 156 156 156 156 156 156 156 156 156 156 156 156 156 156 156 156 156 156 156 156 156 156 156 156 156 156 156 156 156 1
156 156 156 156 156 156 156 156 156 156 156 156 156 156 156 156 156 156 156 156 156 156 156 156 156 156 156 156 156 156 156 156 156 156 156 156 156 156 156 156 156 156 156 156 1
156 156 156 156 156 156 156 156 156 156 156 156 156 156 156 156 156 156 156 156 156 156 156 156 156 156 156 156 156 156 156 156 156 156 156 156 156 156 156 156 156 156 156 156 1
156 156 156 156 156 156 156 156 156 156 156 156 156 156 156 156 156 156 156 156 156 156 156 156 156 156 156 156 156 156 156 156 156 156 156 156 156 156 156 156 156 156 156 156 1
156 156 156 156 156 156 156 156 156 156 156 156 156 156 156 156 156 156 156 156 156 156 156 156 156 156 156 156 156 156 156 156 156 156 156 156 156 156 156 156 156 156 156 156 1
156 156 156 156 156 156 156 156 156 156 156 156 156 156 156 156 156 156 156 156 156 156 156 156 156 156 156 156 156 156 156 156 156 156 156 156 156 156 156 156 156 156 156 156 1
156 156 156 156 156 156 156 156 156 156 156 156 156 156 156 156 156 156 156 156 156 156 156 156 156 156 156 156 156 156 156 156 156 156 156 156 156 156 156 156 156 156 156 156 1
156 156 156 156 156 156 156 156 156 156 156 156 156 156 156 156 156 156 156 156 156 156 156 156 156 156 156 156 156 156 156 156 156 156 156 156 156 156 156 156 156 156 156 156 1
156 156 156 156 156 156 156 156 156 156 156 156 156 156 156 156 156 156 156 156 156 156 156 156 156 156 156 156 156 156 156 156 156 156 156 156 156 156 156 156 156 156 156 156 1
156 156 156 156 156 156 156 156 156 156 156 156 156 156 156 156 156 156 156 156 156 156 156 156 156 156 156 156 156 156 156 156 156 156 156 156 156 156 156 156 156 156 156 156 1
156 156 156 156 156 156 156 156 156 156 156 156 156 156 156 156 156 156 156 156 156 156 156 156 156 156 156 156 156 156 156 156 156 156 156 156 156 156 156 156 156 156 156 156 1
156 156 156 156 156 156 156 156 156 156 156 156 156 156 156 156 156 156 156 156 156 156 156 156 156 156 156 156 156 156 156 156 156 156 156 156 156 156 156 156 156 156 156 156 1
156 156 156 156 156 156 156 156 156 156 156 156 156 156 156 156 156 156 156 156 156 156 156 156 156 156 156 156 156 156 156 156 156 156 156 156 156 156 156 156 156 156 156 156 1
156 156 156 156 156 156 156 156 156 156 156 156 156 156 156 156 156 156 156 156 156 156 156 156 156 156 156 156 156 156 156 156 156 156 156 156 156 156 156 156 156 156 156 156 1
156 156 156 156 156 156 156 156 156 156 156 156 156 156 156 156 156 156 156 156 156 156 156 156 156 156 156 156 156 156 156 156 156 156 156 156 156 156 156 156 156 156 156 156 1
63 1 1 1 1 1 1 1 1 1 1 1 1 1 1 1 1 1 1 1 1 1 1 1 1 1 1 1 1 1 1 1 1 1 1 1 1 1 1 1 1 1 1 1 1
Case #18: Possible
337 1 1 1
376 376 376 1
376 376 376 1
376 376 376 1
376 376 376 1
376 376 376 1
376 376 376 1
376 376 376 1
376 376 376 1
376 376 376 1
376 376 376 1
376 376 376 1
376 376 376 1
376 376 376 1
376 376 376 1
376 376 376 1
376 376 376 1
376 376 376 1
376 376 376 1
376 376 376 1
376 376 376 1
376 376 376 1
376 376 376 1
376 376 376 1
376 376 376 1
376 376 376 1
376 376 376 1
376 376 376 1
376 376 376 1
376 376 376 1
376 376 376 1
376 376 376 1
376 376 376 1
376 376 376 1
376 376 376 1
376 376 376 1
21 1 1 1
Case #19: Possible
902 1 1 1 1 1 1 1 1 1 1 1 1 1 1 1 1 1 1 1 1 1 1 1 1 1 1 1 1 1 1 1 1 1 1 1 1 1 1 1 1 1 1 1 1 1 1 1 1 1
1000 1000 1000 1000 1000 1000 1000 1000 1000 1000 1000 1000 1000 1000 1000 1000 1000 1000 1000 1000 1000 1000 1000 1000 1000 1000 1000 1000 1000 1000 1000 1000 1000 1000 1000 1000 1000 1000 1000 1000 1000 1000 1000 1000 1000 1000 1000 1000 1000 1
1000 1000 1000 1000 1000 1000 1000 1000 1000 1000 1000 1000 1000 1000 1000 1000 1000 1000 1000 1000 1000 1000 1000 1000 1000 1000 1000 1000 1000 1000 1000 1000 1000 1000 1000 1000 1000 1000 1000 1000 1000 1000 1000 1000 1000 1000 1000 1000 1000 1
1000 1000 1000 1000 1000 1000 1000 1000 1000 1000 1000 1000 1000 1000 1000 1000 1000 1000 1000 1000 1000 1000 1000 1000 1000 1000 1000 1000 1000 1000 1000 1000 1000 1000 1000 1000 1000 1000 1000 1000 1000 1000 1000 1000 1000 1000 1000 1000 1000 1
1000 1000 1000 1000 1000 1000 1000 1000 1000 1000 1000 1000 1000 1000 1000 1000 1000 1000 1000 1000 1000 1000 1000 1000 1000 1000 1000 1000 1000 1000 1000 1000 1000 1000 1000 1000 1000 1000 1000 1000 1000 1000 1000 1000 1000 1000 1000 1000 1000 1
1000 1000 1000 1000 1000 1000 1000 1000 1000 1000 1000 1000 1000 1000 1000 1000 1000 1000 1000 1000 1000 1000 1000 1000 1000 1000 1000 1000 1000 1000 1000 1000 1000 1000 1000 1000 1000 1000 1000 1000 1000 1000 1000 1000 1000 1000 1000 1000 1000 1
1000 1000 1000 1000 1000 1000 1000 1000 1000 1000 1000 1000 1000 1000 1000 1000 1000 1000 1000 1000 1000 1000 1000 1000 1000 1000 1000 1000 1000 1000 1000 1000 1000 1000 1000 1000 1000 1000 1000 1000 1000 1000 1000 1000 1000 1000 1000 1000 1000 1
1000 1000 1000 1000 1000 1000 1000 1000 1000 1000 1000 1000 1000 1000 1000 1000 1000 1000 1000 1000 1000 1000 1000 1000 1000 1000 1000 1000 1000 1000 1000 1000 1000 1000 1000 1000 1000 1000 1000 1000 1000 1000 1000 1000 1000 1000 1000 1000 1000 1
1000 1000 1000 1000 1000 1000 1000 1000 1000 1000 1000 1000 1000 1000 1000 1000 1000 1000 1000 1000 1000 1000 1000 1000 1000 1000 1000 1000 1000 1000 1000 1000 1000 1000 1000 1000 1000 1000 1000 1000 1000 1000 1000 1000 1000 1000 1000 1000 1000 1
1000 1000 1000 1000 1000 1000 1000 1000 1000 1000 1000 1000 1000 1000 1000 1000 1000 1000 1000 1000 1000 1000 1000 1000 1000 1000 1000 1000 1000 1000 1000 1000 1000 1000 1000 1000 1000 1000 1000 1000 1000 1000 1000 1000 1000 1000 1000 1000 1000 1
1000 1000 1000 1000 1000 1000 1000 1000 1000 1000 1000 1000 1000 1000 1000 1000 1000 1000 1000 1000 1000 1000 1000 1000 1000 1000 1000 1000 1000 1000 1000 1000 1000 1000 1000 1000 1000 1000 1000 1000 1000 1000 1000 1000 1000 1000 1000 1000 1000 1
1000 1000 1000 1000 1000 1000 1000 1000 1000 1000 1000 1000 1000 1000 1000 1000 1000 1000 1000 1000 1000 1000 1000 1000 1000 1000 1000 1000 1000 1000 1000 1000 1000 1000 1000 1000 1000 1000 1000 1000 1000 1000 1000 1000 1000 1000 1000 1000 1000 1
1000 1000 1000 1000 1000 1000 1000 1000 1000 1000 1000 1000 1000 1000 1000 1000 1000 1000 1000 1000 1000 1000 1000 1000 1000 1000 1000 1000 1000 1000 1000 1000 1000 1000 1000 1000 1000 1000 1000 1000 1000 1000 1000 1000 1000 1000 1000 1000 1000 1
1000 1000 1000 1000 1000 1000 1000 1000 1000 1000 1000 1000 1000 1000 1000 1000 1000 1000 1000 1000 1000 1000 1000 1000 1000 1000 1000 1000 1000 1000 1000 1000 1000 1000 1000 1000 1000 1000 1000 1000 1000 1000 1000 1000 1000 1000 1000 1000 1000 1
1000 1000 1000 1000 1000 1000 1000 1000 1000 1000 1000 1000 1000 1000 1000 1000 1000 1000 1000 1000 1000 1000 1000 1000 1000 1000 1000 1000 1000 1000 1000 1000 1000 1000 1000 1000 1000 1000 1000 1000 1000 1000 1000 1000 1000 1000 1000 1000 1000 1
1000 1000 1000 1000 1000 1000 1000 1000 1000 1000 1000 1000 1000 1000 1000 1000 1000 1000 1000 1000 1000 1000 1000 1000 1000 1000 1000 1000 1000 1000 1000 1000 1000 1000 1000 1000 1000 1000 1000 1000 1000 1000 1000 1000 1000 1000 1000 1000 1000 1
1000 1000 1000 1000 1000 1000 1000 1000 1000 1000 1000 1000 1000 1000 1000 1000 1000 1000 1000 1000 1000 1000 1000 1000 1000 1000 1000 1000 1000 1000 1000 1000 1000 1000 1000 1000 1000 1000 1000 1000 1000 1000 1000 1000 1000 1000 1000 1000 1000 1
1000 1000 1000 1000 1000 1000 1000 1000 1000 1000 1000 1000 1000 1000 1000 1000 1000 1000 1000 1000 1000 1000 1000 1000 1000 1000 1000 1000 1000 1000 1000 1000 1000 1000 1000 1000 1000 1000 1000 1000 1000 1000 1000 1000 1000 1000 1000 1000 1000 1
1000 1000 1000 1000 1000 1000 1000 1000 1000 1000 1000 1000 1000 1000 1000 1000 1000 1000 1000 1000 1000 1000 1000 1000 1000 1000 1000 1000 1000 1000 1000 1000 1000 1000 1000 1000 1000 1000 1000 1000 1000 1000 1000 1000 1000 1000 1000 1000 1000 1
1000 1000 1000 1000 1000 1000 1000 1000 1000 1000 1000 1000 1000 1000 1000 1000 1000 1000 1000 1000 1000 1000 1000 1000 1000 1000 1000 1000 1000 1000 1000 1000 1000 1000 1000 1000 1000 1000 1000 1000 1000 1000 1000 1000 1000 1000 1000 1000 1000 1
1000 1000 1000 1000 1000 1000 1000 1000 1000 1000 1000 1000 1000 1000 1000 1000 1000 1000 1000 1000 1000 1000 1000 1000 1000 1000 1000 1000 1000 1000 1000 1000 1000 1000 1000 1000 1000 1000 1000 1000 1000 1000 1000 1000 1000 1000 1000 1000 1000 1
1000 1000 1000 1000 1000 1000 1000 1000 1000 1000 1000 1000 1000 1000 1000 1000 1000 1000 1000 1000 1000 1000 1000 1000 1000 1000 1000 1000 1000 1000 1000 1000 1000 1000 1000 1000 1000 1000 1000 1000 1000 1000 1000 1000 1000 1000 1000 1000 1000 1
1000 1000 1000 1000 1000 1000 1000 1000 1000 1000 1000 1000 1000 1000 1000 1000 1000 1000 1000 1000 1000 1000 1000 1000 1000 1000 1000 1000 1000 1000 1000 1000 1000 1000 1000 1000 1000 1000 1000 1000 1000 1000 1000 1000 1000 1000 1000 1000 1000 1
1000 1000 1000 1000 1000 1000 1000 1000 1000 1000 1000 1000 1000 1000 1000 1000 1000 1000 1000 1000 1000 1000 1000 1000 1000 1000 1000 1000 1000 1000 1000 1000 1000 1000 1000 1000 1000 1000 1000 1000 1000 1000 1000 1000 1000 1000 1000 1000 1000 1
1000 1000 1000 1000 1000 1000 1000 1000 1000 1000 1000 1000 1000 1000 1000 1000 1000 1000 1000 1000 1000 1000 1000 1000 1000 1000 1000 1000 1000 1000 1000 1000 1000 1000 1000 1000 1000 1000 1000 1000 1000 1000 1000 1000 1000 1000 1000 1000 1000 1
1000 1000 1000 1000 1000 1000 1000 1000 1000 1000 1000 1000 1000 1000 1000 1000 1000 1000 1000 1000 1000 1000 1000 1000 1000 1000 1000 1000 1000 1000 1000 1000 1000 1000 1000 1000 1000 1000 1000 1000 1000 1000 1000 1000 1000 1000 1000 1000 1000 1
1000 1000 1000 1000 1000 1000 1000 1000 1000 1000 1000 1000 1000 1000 1000 1000 1000 1000 1000 1000 1000 1000 1000 1000 1000 1000 1000 1000 1000 1000 1000 1000 1000 1000 1000 1000 1000 1000 1000 1000 1000 1000 1000 1000 1000 1000 1000 1000 1000 1
1000 1000 1000 1000 1000 1000 1000 1000 1000 1000 1000 1000 1000 1000 1000 1000 1000 1000 1000 1000 1000 1000 1000 1000 1000 1000 1000 1000 1000 1000 1000 1000 1000 1000 1000 1000 1000 1000 1000 1000 1000 1000 1000 1000 1000 1000 1000 1000 1000 1
1000 1000 1000 1000 1000 1000 1000 1000 1000 1000 1000 1000 1000 1000 1000 1000 1000 1000 1000 1000 1000 1000 1000 1000 1000 1000 1000 1000 1000 1000 1000 1000 1000 1000 1000 1000 1000 1000 1000 1000 1000 1000 1000 1000 1000 1000 1000 1000 1000 1
1000 1000 1000 1000 1000 1000 1000 1000 1000 1000 1000 1000 1000 1000 1000 1000 1000 1000 1000 1000 1000 1000 1000 1000 1000 1000 1000 1000 1000 1000 1000 1000 1000 1000 1000 1000 1000 1000 1000 1000 1000 1000 1000 1000 1000 1000 1000 1000 1000 1
1000 1000 1000 1000 1000 1000 1000 1000 1000 1000 1000 1000 1000 1000 1000 1000 1000 1000 1000 1000 1000 1000 1000 1000 1000 1000 1000 1000 1000 1000 1000 1000 1000 1000 1000 1000 1000 1000 1000 1000 1000 1000 1000 1000 1000 1000 1000 1000 1000 1
1000 1000 1000 1000 1000 1000 1000 1000 1000 1000 1000 1000 1000 1000 1000 1000 1000 1000 1000 1000 1000 1000 1000 1000 1000 1000 1000 1000 1000 1000 1000 1000 1000 1000 1000 1000 1000 1000 1000 1000 1000 1000 1000 1000 1000 1000 1000 1000 1000 1
1000 1000 1000 1000 1000 1000 1000 1000 1000 1000 1000 1000 1000 1000 1000 1000 1000 1000 1000 1000 1000 1000 1000 1000 1000 1000 1000 1000 1000 1000 1000 1000 1000 1000 1000 1000 1000 1000 1000 1000 1000 1000 1000 1000 1000 1000 1000 1000 1000 1
1000 1000 1000 1000 1000 1000 1000 1000 1000 1000 1000 1000 1000 1000 1000 1000 1000 1000 1000 1000 1000 1000 1000 1000 1000 1000 1000 1000 1000 1000 1000 1000 1000 1000 1000 1000 1000 1000 1000 1000 1000 1000 1000 1000 1000 1000 1000 1000 1000 1
1000 1000 1000 1000 1000 1000 1000 1000 1000 1000 1000 1000 1000 1000 1000 1000 1000 1000 1000 1000 1000 1000 1000 1000 1000 1000 1000 1000 1000 1000 1000 1000 1000 1000 1000 1000 1000 1000 1000 1000 1000 1000 1000 1000 1000 1000 1000 1000 1000 1
1000 1000 1000 1000 1000 1000 1000 1000 1000 1000 1000 1000 1000 1000 1000 1000 1000 1000 1000 1000 1000 1000 1000 1000 1000 1000 1000 1000 1000 1000 1000 1000 1000 1000 1000 1000 1000 1000 1000 1000 1000 1000 1000 1000 1000 1000 1000 1000 1000 1
1000 1000 1000 1000 1000 1000 1000 1000 1000 1000 1000 1000 1000 1000 1000 1000 1000 1000 1000 1000 1000 1000 1000 1000 1000 1000 1000 1000 1000 1000 1000 1000 1000 1000 1000 1000 1000 1000 1000 1000 1000 1000 1000 1000 1000 1000 1000 1000 1000 1
1000 1000 1000 1000 1000 1000 1000 1000 1000 1000 1000 1000 1000 1000 1000 1000 1000 1000 1000 1000 1000 1000 1000 1000 1000 1000 1000 1000 1000 1000 1000 1000 1000 1000 1000 1000 1000 1000 1000 1000 1000 1000 1000 1000 1000 1000 1000 1000 1000 1
1000 1000 1000 1000 1000 1000 1000 1000 1000 1000 1000 1000 1000 1000 1000 1000 1000 1000 1000 1000 1000 1000 1000 1000 1000 1000 1000 1000 1000 1000 1000 1000 1000 1000 1000 1000 1000 1000 1000 1000 1000 1000 1000 1000 1000 1000 1000 1000 1000 1
1000 1000 1000 1000 1000 1000 1000 1000 1000 1000 1000 1000 1000 1000 1000 1000 1000 1000 1000 1000 1000 1000 1000 1000 1000 1000 1000 1000 1000 1000 1000 1000 1000 1000 1000 1000 1000 1000 1000 1000 1000 1000 1000 1000 1000 1000 1000 1000 1000 1
1000 1000 1000 1000 1000 1000 1000 1000 1000 1000 1000 1000 1000 1000 1000 1000 1000 1000 1000 1000 1000 1000 1000 1000 1000 1000 1000 1000 1000 1000 1000 1000 1000 1000 1000 1000 1000 1000 1000 1000 1000 1000 1000 1000 1000 1000 1000 1000 1000 1
1000 1000 1000 1000 1000 1000 1000 1000 1000 1000 1000 1000 1000 1000 1000 1000 1000 1000 1000 1000 1000 1000 1000 1000 1000 1000 1000 1000 1000 1000 1000 1000 1000 1000 1000 1000 1000 1000 1000 1000 1000 1000 1000 1000 1000 1000 1000 1000 1000 1
1000 1000 1000 1000 1000 1000 1000 1000 1000 1000 1000 1000 1000 1000 1000 1000 1000 1000 1000 1000 1000 1000 1000 1000 1000 1000 1000 1000 1000 1000 1000 1000 1000 1000 1000 1000 1000 1000 1000 1000 1000 1000 1000 1000 1000 1000 1000 1000 1000 1
1000 1000 1000 1000 1000 1000 1000 1000 1000 1000 1000 1000 1000 1000 1000 1000 1000 1000 1000 1000 1000 1000 1000 1000 1000 1000 1000 1000 1000 1000 1000 1000 1000 1000 1000 1000 1000 1000 1000 1000 1000 1000 1000 1000 1000 1000 1000 1000 1000 1
1000 1000 1000 1000 1000 1000 1000 1000 1000 1000 1000 1000 1000 1000 1000 1000 1000 1000 1000 1000 1000 1000 1000 1000 1000 1000 1000 1000 1000 1000 1000 1000 1000 1000 1000 1000 1000 1000 1000 1000 1000 1000 1000 1000 1000 1000 1000 1000 1000 1
1000 1000 1000 1000 1000 1000 1000 1000 1000 1000 1000 1000 1000 1000 1000 1000 1000 1000 1000 1000 1000 1000 1000 1000 1000 1000 1000 1000 1000 1000 1000 1000 1000 1000 1000 1000 1000 1000 1000 1000 1000 1000 1000 1000 1000 1000 1000 1000 1000 1
1000 1000 1000 1000 1000 1000 1000 1000 1000 1000 1000 1000 1000 1000 1000 1000 1000 1000 1000 1000 1000 1000 1000 1000 1000 1000 1000 1000 1000 1000 1000 1000 1000 1000 1000 1000 1000 1000 1000 1000 1000 1000 1000 1000 1000 1000 1000 1000 1000 1
1000 1000 1000 1000 1000 1000 1000 1000 1000 1000 1000 1000 1000 1000 1000 1000 1000 1000 1000 1000 1000 1000 1000 1000 1000 1000 1000 1000 1000 1000 1000 1000 1000 1000 1000 1000 1000 1000 1000 1000 1000 1000 1000 1000 1000 1000 1000 1000 1000 1
1000 1000 1000 1000 1000 1000 1000 1000 1000 1000 1000 1000 1000 1000 1000 1000 1000 1000 1000 1000 1000 1000 1000 1000 1000 1000 1000 1000 1000 1000 1000 1000 1000 1000 1000 1000 1000 1000 1000 1000 1000 1000 1000 1000 1000 1000 1000 1000 1000 1
902 1 1 1 1 1 1 1 1 1 1 1 1 1 1 1 1 1 1 1 1 1 1 1 1 1 1 1 1 1 1 1 1 1 1 1 1 1 1 1 1 1 1 1 1 1 1 1 1 1
Case #20: Possible
13 1 1 1 1 1 1 1 1 1 1 1 1 1 1 1 1 1 1 1
226 226 226 226 226 226 226 226 226 226 226 226 226 226 226 226 226 226 226 1
226 226 226 226 226 226 226 226 226 226 226 226 226 226 226 226 226 226 226 1
226 226 226 226 226 226 226 226 226 226 226 226 226 226 226 226 226 226 226 1
226 226 226 226 226 226 226 226 226 226 226 226 226 226 226 226 226 226 226 1
226 226 226 226 226 226 226 226 226 226 226 226 226 226 226 226 226 226 226 1
226 226 226 226 226 226 226 226 226 226 226 226 226 226 226 226 226 226 226 1
226 226 226 226 226 226 226 226 226 226 226 226 226 226 226 226 226 226 226 1
226 226 226 226 226 226 226 226 226 226 226 226 226 226 226 226 226 226 226 1
226 226 226 226 226 226 226 226 226 226 226 226 226 226 226 226 226 226 226 1
226 226 226 226 226 226 226 226 226 226 226 226 226 226 226 226 226 226 226 1
226 226 226 226 226 226 226 226 226 226 226 226 226 226 226 226 226 226 226 1
226 226 226 226 226 226 226 226 226 226 226 226 226 226 226 226 226 226 226 1
194 1 1 1 1 1 1 1 1 1 1 1 1 1 1 1 1 1 1 1
Case #21: Possible
258 1 1 1 1 1 1
312 312 312 312 312 312 1
312 312 312 312 312 312 1
312 312 312 312 312 312 1
312 312 312 312 312 312 1
312 312 312 312 312 312 1
312 312 312 312 312 312 1
312 312 312 312 312 312 1
312 312 312 312 312 312 1
312 312 312 312 312 312 1
312 312 312 312 312 312 1
312 312 312 312 312 312 1
312 312 312 312 312 312 1
312 312 312 312 312 312 1
312 312 312 312 312 312 1
312 312 312 312 312 312 1
312 312 312 312 312 312 1
312 312 312 312 312 312 1
312 312 312 312 312 312 1
312 312 312 312 312 312 1
312 312 312 312 312 312 1
312 312 312 312 312 312 1
312 312 312 312 312 312 1
312 312 312 312 312 312 1
312 312 312 312 312 312 1
312 312 312 312 312 312 1
312 312 312 312 312 312 1
312 312 312 312 312 312 1
312 312 312 312 312 312 1
312 312 312 312 312 312 1
312 312 312 312 312 312 1
312 312 312 312 312 312 1
312 312 312 312 312 312 1
312 312 312 312 312 312 1
312 312 312 312 312 312 1
312 312 312 312 312 312 1
312 312 312 312 312 312 1
312 312 312 312 312 312 1
312 312 312 312 312 312 1
312 312 312 312 312 312 1
312 312 312 312 312 312 1
312 312 312 312 312 312 1
312 312 312 312 312 312 1
312 312 312 312 312 312 1
312 312 312 312 312 312 1
312 312 312 312 312 312 1
312 312 312 312 312 312 1
312 312 312 312 312 312 1
51 1 1 1 1 1 1
Case #22: Impossible
Case #23: Impossible
Case #24: Possible
316 1 1 1 1 1 1 1 1 1 1 1
343 343 343 343 343 343 343 343 343 343 343 1
343 343 343 343 343 343 343 343 343 343 343 1
343 343 343 343 343 343 343 343 343 343 343 1
343 343 343 343 343 343 343 343 343 343 343 1
343 343 343 343 343 343 343 343 343 343 343 1
343 343 343 343 343 343 343 343 343 343 343 1
343 343 343 343 343 343 343 343 343 343 343 1
343 343 343 343 343 343 343 343 343 343 343 1
343 343 343 343 343 343 343 343 343 343 343 1
343 343 343 343 343 343 343 343 343 343 343 1
343 343 343 343 343 343 343 343 343 343 343 1
343 343 343 343 343 343 343 343 343 343 343 1
343 343 343 343 343 343 343 343 343 343 343 1
343 343 343 343 343 343 343 343 343 343 343 1
343 343 343 343 343 343 343 343 343 343 343 1
29 1 1 1 1 1 1 1 1 1 1 1
Case #25: Possible
117 1 1 1 1 1 1 1 1 1 1 1 1 1 1 1 1 1 1 1 1 1 1 1 1 1 1 1 1 1 1 1 1 1
197 197 197 197 197 197 197 197 197 197 197 197 197 197 197 197 197 197 197 197 197 197 197 197 197 197 197 197 197 197 197 197 197 1
197 197 197 197 197 197 197 197 197 197 197 197 197 197 197 197 197 197 197 197 197 197 197 197 197 197 197 197 197 197 197 197 197 1
197 197 197 197 197 197 197 197 197 197 197 197 197 197 197 197 197 197 197 197 197 197 197 197 197 197 197 197 197 197 197 197 197 1
197 197 197 197 197 197 197 197 197 197 197 197 197 197 197 197 197 197 197 197 197 197 197 197 197 197 197 197 197 197 197 197 197 1
197 197 197 197 197 197 197 197 197 197 197 197 197 197 197 197 197 197 197 197 197 197 197 197 197 197 197 197 197 197 197 197 197 1
197 197 197 197 197 197 197 197 197 197 197 197 197 197 197 197 197 197 197 197 197 197 197 197 197 197 197 197 197 197 197 197 197 1
197 197 197 197 197 197 197 197 197 197 197 197 197 197 197 197 197 197 197 197 197 197 197 197 197 197 197 197 197 197 197 197 197 1
197 197 197 197 197 197 197 197 197 197 197 197 197 197 197 197 197 197 197 197 197 197 197 197 197 197 197 197 197 197 197 197 197 1
197 197 197 197 197 197 197 197 197 197 197 197 197 197 197 197 197 197 197 197 197 197 197 197 197 197 197 197 197 197 197 197 197 1
197 197 197 197 197 197 197 197 197 197 197 197 197 197 197 197 197 197 197 197 197 197 197 197 197 197 197 197 197 197 197 197 197 1
197 197 197 197 197 197 197 197 197 197 197 197 197 197 197 197 197 197 197 197 197 197 197 197 197 197 197 197 197 197 197 197 197 1
197 197 197 197 197 197 197 197 197 197 197 197 197 197 197 197 197 197 197 197 197 197 197 197 197 197 197 197 197 197 197 197 197 1
197 197 197 197 197 197 197 197 197 197 197 197 197 197 197 197 197 197 197 197 197 197 197 197 197 197 197 197 197 197 197 197 197 1
197 197 197 197 197 197 197 197 197 197 197 197 197 197 197 197 197 197 197 197 197 197 197 197 197 197 197 197 197 197 197 197 197 1
197 197 197 197 197 197 197 197 197 197 197 197 197 197 197 197 197 197 197 197 197 197 197 197 197 197 197 197 197 197 197 197 197 1
197 197 197 197 197 197 197 197 197 197 197 197 197 197 197 197 197 197 197 197 197 197 197 197 197 197 197 197 197 197 197 197 197 1
197 197 197 197 197 197 197 197 197 197 197 197 197 197 197 197 197 197 197 197 197 197 197 197 197 197 197 197 197 197 197 197 197 1
197 197 197 197 197 197 197 197 197 197 197 197 197 197 197 197 197 197 197 197 197 197 197 197 197 197 197 197 197 197 197 197 197 1
197 197 197 197 197 197 197 197 197 197 197 197 197 197 197 197 197 197 197 197 197 197 197 197 197 197 197 197 197 197 197 197 197 1
197 197 197 197 197 197 197 197 197 197 197 197 197 197 197 197 197 197 197 197 197 197 197 197 197 197 197 197 197 197 197 197 197 1
197 197 197 197 197 197 197 197 197 197 197 197 197 197 197 197 197 197 197 197 197 197 197 197 197 197 197 197 197 197 197 197 197 1
197 197 197 197 197 197 197 197 197 197 197 197 197 197 197 197 197 197 197 197 197 197 197 197 197 197 197 197 197 197 197 197 197 1
197 197 197 197 197 197 197 197 197 197 197 197 197 197 197 197 197 197 197 197 197 197 197 197 197 197 197 197 197 197 197 197 197 1
197 197 197 197 197 197 197 197 197 197 197 197 197 197 197 197 197 197 197 197 197 197 197 197 197 197 197 197 197 197 197 197 197 1
197 197 197 197 197 197 197 197 197 197 197 197 197 197 197 197 197 197 197 197 197 197 197 197 197 197 197 197 197 197 197 197 197 1
197 197 197 197 197 197 197 197 197 197 197 197 197 197 197 197 197 197 197 197 197 197 197 197 197 197 197 197 197 197 197 197 197 1
137 1 1 1 1 1 1 1 1 1 1 1 1 1 1 1 1 1 1 1 1 1 1 1 1 1 1 1 1 1 1 1 1 1
Case #26: Possible
231 1 1 1 1 1 1
695 695 695 695 695 695 1
695 695 695 695 695 695 1
695 695 695 695 695 695 1
685 1 1 1 1 1 1
Case #27: Impossible
Case #28: Possible
102 1 1 1 1 1 1 1 1 1 1 1 1 1 1 1 1 1 1 1 1 1 1 1 1 1 1 1 1 1 1 1 1 1 1 1 1 1 1 1 1 1 1 1 1 1 1 1 1 1
900 900 900 900 900 900 900 900 900 900 900 900 900 900 900 900 900 900 900 900 900 900 900 900 900 900 900 900 900 900 900 900 900 900 900 900 900 900 900 900 900 900 900 900 900 900 900 900 900 1
900 900 900 900 900 900 900 900 900 900 900 900 900 900 900 900 900 900 900 900 900 900 900 900 900 900 900 900 900 900 900 900 900 900 900 900 900 900 900 900 900 900 900 900 900 900 900 900 900 1
900 900 900 900 900 900 900 900 900 900 900 900 900 900 900 900 900 900 900 900 900 900 900 900 900 900 900 900 900 900 900 900 900 900 900 900 900 900 900 900 900 900 900 900 900 900 900 900 900 1
900 900 900 900 900 900 900 900 900 900 900 900 900 900 900 900 900 900 900 900 900 900 900 900 900 900 900 900 900 900 900 900 900 900 900 900 900 900 900 900 900 900 900 900 900 900 900 900 900 1
900 900 900 900 900 900 900 900 900 900 900 900 900 900 900 900 900 900 900 900 900 900 900 900 900 900 900 900 900 900 900 900 900 900 900 900 900 900 900 900 900 900 900 900 900 900 900 900 900 1
900 900 900 900 900 900 900 900 900 900 900 900 900 900 900 900 900 900 900 900 900 900 900 900 900 900 900 900 900 900 900 900 900 900 900 900 900 900 900 900 900 900 900 900 900 900 900 900 900 1
900 900 900 900 900 900 900 900 900 900 900 900 900 900 900 900 900 900 900 900 900 900 900 900 900 900 900 900 900 900 900 900 900 900 900 900 900 900 900 900 900 900 900 900 900 900 900 900 900 1
900 900 900 900 900 900 900 900 900 900 900 900 900 900 900 900 900 900 900 900 900 900 900 900 900 900 900 900 900 900 900 900 900 900 900 900 900 900 900 900 900 900 900 900 900 900 900 900 900 1
900 900 900 900 900 900 900 900 900 900 900 900 900 900 900 900 900 900 900 900 900 900 900 900 900 900 900 900 900 900 900 900 900 900 900 900 900 900 900 900 900 900 900 900 900 900 900 900 900 1
900 900 900 900 900 900 900 900 900 900 900 900 900 900 900 900 900 900 900 900 900 900 900 900 900 900 900 900 900 900 900 900 900 900 900 900 900 900 900 900 900 900 900 900 900 900 900 900 900 1
900 900 900 900 900 900 900 900 900 900 900 900 900 900 900 900 900 900 900 900 900 900 900 900 900 900 900 900 900 900 900 900 900 900 900 900 900 900 900 900 900 900 900 900 900 900 900 900 900 1
900 900 900 900 900 900 900 900 900 900 900 900 900 900 900 900 900 900 900 900 900 900 900 900 900 900 900 900 900 900 900 900 900 900 900 900 900 900 900 900 900 900 900 900 900 900 900 900 900 1
900 900 900 900 900 900 900 900 900 900 900 900 900 900 900 900 900 900 900 900 900 900 900 900 900 900 900 900 900 900 900 900 900 900 900 900 900 900 900 900 900 900 900 900 900 900 900 900 900 1
900 900 900 900 900 900 900 900 900 900 900 900 900 900 900 900 900 900 900 900 900 900 900 900 900 900 900 900 900 900 900 900 900 900 900 900 900 900 900 900 900 900 900 900 900 900 900 900 900 1
900 900 900 900 900 900 900 900 900 900 900 900 900 900 900 900 900 900 900 900 900 900 900 900 900 900 900 900 900 900 900 900 900 900 900 900 900 900 900 900 900 900 900 900 900 900 900 900 900 1
900 900 900 900 900 900 900 900 900 900 900 900 900 900 900 900 900 900 900 900 900 900 900 900 900 900 900 900 900 900 900 900 900 900 900 900 900 900 900 900 900 900 900 900 900 900 900 900 900 1
900 900 900 900 900 900 900 900 900 900 900 900 900 900 900 900 900 900 900 900 900 900 900 900 900 900 900 900 900 900 900 900 900 900 900 900 900 900 900 900 900 900 900 900 900 900 900 900 900 1
900 900 900 900 900 900 900 900 900 900 900 900 900 900 900 900 900 900 900 900 900 900 900 900 900 900 900 900 900 900 900 900 900 900 900 900 900 900 900 900 900 900 900 900 900 900 900 900 900 1
900 900 900 900 900 900 900 900 900 900 900 900 900 900 900 900 900 900 900 900 900 900 900 900 900 900 900 900 900 900 900 900 900 900 900 900 900 900 900 900 900 900 900 900 900 900 900 900 900 1
900 900 900 900 900 900 900 900 900 900 900 900 900 900 900 900 900 900 900 900 900 900 900 900 900 900 900 900 900 900 900 900 900 900 900 900 900 900 900 900 900 900 900 900 900 900 900 900 900 1
900 900 900 900 900 900 900 900 900 900 900 900 900 900 900 900 900 900 900 900 900 900 900 900 900 900 900 900 900 900 900 900 900 900 900 900 900 900 900 900 900 900 900 900 900 900 900 900 900 1
900 900 900 900 900 900 900 900 900 900 900 900 900 900 900 900 900 900 900 900 900 900 900 900 900 900 900 900 900 900 900 900 900 900 900 900 900 900 900 900 900 900 900 900 900 900 900 900 900 1
900 900 900 900 900 900 900 900 900 900 900 900 900 900 900 900 900 900 900 900 900 900 900 900 900 900 900 900 900 900 900 900 900 900 900 900 900 900 900 900 900 900 900 900 900 900 900 900 900 1
900 900 900 900 900 900 900 900 900 900 900 900 900 900 900 900 900 900 900 900 900 900 900 900 900 900 900 900 900 900 900 900 900 900 900 900 900 900 900 900 900 900 900 900 900 900 900 900 900 1
900 900 900 900 900 900 900 900 900 900 900 900 900 900 900 900 900 900 900 900 900 900 900 900 900 900 900 900 900 900 900 900 900 900 900 900 900 900 900 900 900 900 900 900 900 900 900 900 900 1
900 900 900 900 900 900 900 900 900 900 900 900 900 900 900 900 900 900 900 900 900 900 900 900 900 900 900 900 900 900 900 900 900 900 900 900 900 900 900 900 900 900 900 900 900 900 900 900 900 1
900 900 900 900 900 900 900 900 900 900 900 900 900 900 900 900 900 900 900 900 900 900 900 900 900 900 900 900 900 900 900 900 900 900 900 900 900 900 900 900 900 900 900 900 900 900 900 900 900 1
900 900 900 900 900 900 900 900 900 900 900 900 900 900 900 900 900 900 900 900 900 900 900 900 900 900 900 900 900 900 900 900 900 900 900 900 900 900 900 900 900 900 900 900 900 900 900 900 900 1
900 900 900 900 900 900 900 900 900 900 900 900 900 900 900 900 900 900 900 900 900 900 900 900 900 900 900 900 900 900 900 900 900 900 900 900 900 900 900 900 900 900 900 900 900 900 900 900 900 1
900 900 900 900 900 900 900 900 900 900 900 900 900 900 900 900 900 900 900 900 900 900 900 900 900 900 900 900 900 900 900 900 900 900 900 900 900 900 900 900 900 900 900 900 900 900 900 900 900 1
900 900 900 900 900 900 900 900 900 900 900 900 900 900 900 900 900 900 900 900 900 900 900 900 900 900 900 900 900 900 900 900 900 900 900 900 900 900 900 900 900 900 900 900 900 900 900 900 900 1
900 900 900 900 900 900 900 900 900 900 900 900 900 900 900 900 900 900 900 900 900 900 900 900 900 900 900 900 900 900 900 900 900 900 900 900 900 900 900 900 900 900 900 900 900 900 900 900 900 1
900 900 900 900 900 900 900 900 900 900 900 900 900 900 900 900 900 900 900 900 900 900 900 900 900 900 900 900 900 900 900 900 900 900 900 900 900 900 900 900 900 900 900 900 900 900 900 900 900 1
900 900 900 900 900 900 900 900 900 900 900 900 900 900 900 900 900 900 900 900 900 900 900 900 900 900 900 900 900 900 900 900 900 900 900 900 900 900 900 900 900 900 900 900 900 900 900 900 900 1
900 900 900 900 900 900 900 900 900 900 900 900 900 900 900 900 900 900 900 900 900 900 900 900 900 900 900 900 900 900 900 900 900 900 900 900 900 900 900 900 900 900 900 900 900 900 900 900 900 1
900 900 900 900 900 900 900 900 900 900 900 900 900 900 900 900 900 900 900 900 900 900 900 900 900 900 900 900 900 900 900 900 900 900 900 900 900 900 900 900 900 900 900 900 900 900 900 900 900 1
900 900 900 900 900 900 900 900 900 900 900 900 900 900 900 900 900 900 900 900 900 900 900 900 900 900 900 900 900 900 900 900 900 900 900 900 900 900 900 900 900 900 900 900 900 900 900 900 900 1
900 900 900 900 900 900 900 900 900 900 900 900 900 900 900 900 900 900 900 900 900 900 900 900 900 900 900 900 900 900 900 900 900 900 900 900 900 900 900 900 900 900 900 900 900 900 900 900 900 1
900 900 900 900 900 900 900 900 900 900 900 900 900 900 900 900 900 900 900 900 900 900 900 900 900 900 900 900 900 900 900 900 900 900 900 900 900 900 900 900 900 900 900 900 900 900 900 900 900 1
900 900 900 900 900 900 900 900 900 900 900 900 900 900 900 900 900 900 900 900 900 900 900 900 900 900 900 900 900 900 900 900 900 900 900 900 900 900 900 900 900 900 900 900 900 900 900 900 900 1
900 900 900 900 900 900 900 900 900 900 900 900 900 900 900 900 900 900 900 900 900 900 900 900 900 900 900 900 900 900 900 900 900 900 900 900 900 900 900 900 900 900 900 900 900 900 900 900 900 1
900 900 900 900 900 900 900 900 900 900 900 900 900 900 900 900 900 900 900 900 900 900 900 900 900 900 900 900 900 900 900 900 900 900 900 900 900 900 900 900 900 900 900 900 900 900 900 900 900 1
900 900 900 900 900 900 900 900 900 900 900 900 900 900 900 900 900 900 900 900 900 900 900 900 900 900 900 900 900 900 900 900 900 900 900 900 900 900 900 900 900 900 900 900 900 900 900 900 900 1
900 900 900 900 900 900 900 900 900 900 900 900 900 900 900 900 900 900 900 900 900 900 900 900 900 900 900 900 900 900 900 900 900 900 900 900 900 900 900 900 900 900 900 900 900 900 900 900 900 1
900 900 900 900 900 900 900 900 900 900 900 900 900 900 900 900 900 900 900 900 900 900 900 900 900 900 900 900 900 900 900 900 900 900 900 900 900 900 900 900 900 900 900 900 900 900 900 900 900 1
900 900 900 900 900 900 900 900 900 900 900 900 900 900 900 900 900 900 900 900 900 900 900 900 900 900 900 900 900 900 900 900 900 900 900 900 900 900 900 900 900 900 900 900 900 900 900 900 900 1
900 900 900 900 900 900 900 900 900 900 900 900 900 900 900 900 900 900 900 900 900 900 900 900 900 900 900 900 900 900 900 900 900 900 900 900 900 900 900 900 900 900 900 900 900 900 900 900 900 1
900 900 900 900 900 900 900 900 900 900 900 900 900 900 900 900 900 900 900 900 900 900 900 900 900 900 900 900 900 900 900 900 900 900 900 900 900 900 900 900 900 900 900 900 900 900 900 900 900 1
802 1 1 1 1 1 1 1 1 1 1 1 1 1 1 1 1 1 1 1 1 1 1 1 1 1 1 1 1 1 1 1 1 1 1 1 1 1 1 1 1 1 1 1 1 1 1 1 1 1
Case #29: Impossible
Case #30: Possible
249 1 1
365 1 1
Case #31: Possible
154 1 1 1 1 1 1 1 1 1 1 1 1 1 1 1 1 1 1 1 1 1
222 222 222 222 222 222 222 222 222 222 222 222 222 222 222 222 222 222 222 222 222 1
222 222 222 222 222 222 222 222 222 222 222 222 222 222 222 222 222 222 222 222 222 1
222 222 222 222 222 222 222 222 222 222 222 222 222 222 222 222 222 222 222 222 222 1
222 222 222 222 222 222 222 222 222 222 222 222 222 222 222 222 222 222 222 222 222 1
222 222 222 222 222 222 222 222 222 222 222 222 222 222 222 222 222 222 222 222 222 1
222 222 222 222 222 222 222 222 222 222 222 222 222 222 222 222 222 222 222 222 222 1
222 222 222 222 222 222 222 222 222 222 222 222 222 222 222 222 222 222 222 222 222 1
222 222 222 222 222 222 222 222 222 222 222 222 222 222 222 222 222 222 222 222 222 1
222 222 222 222 222 222 222 222 222 222 222 222 222 222 222 222 222 222 222 222 222 1
222 222 222 222 222 222 222 222 222 222 222 222 222 222 222 222 222 222 222 222 222 1
222 222 222 222 222 222 222 222 222 222 222 222 222 222 222 222 222 222 222 222 222 1
222 222 222 222 222 222 222 222 222 222 222 222 222 222 222 222 222 222 222 222 222 1
222 222 222 222 222 222 222 222 222 222 222 222 222 222 222 222 222 222 222 222 222 1
222 222 222 222 222 222 222 222 222 222 222 222 222 222 222 222 222 222 222 222 222 1
222 222 222 222 222 222 222 222 222 222 222 222 222 222 222 222 222 222 222 222 222 1
222 222 222 222 222 222 222 222 222 222 222 222 222 222 222 222 222 222 222 222 222 1
222 222 222 222 222 222 222 222 222 222 222 222 222 222 222 222 222 222 222 222 222 1
222 222 222 222 222 222 222 222 222 222 222 222 222 222 222 222 222 222 222 222 222 1
222 222 222 222 222 222 222 222 222 222 222 222 222 222 222 222 222 222 222 222 222 1
222 222 222 222 222 222 222 222 222 222 222 222 222 222 222 222 222 222 222 222 222 1
222 222 222 222 222 222 222 222 222 222 222 222 222 222 222 222 222 222 222 222 222 1
222 222 222 222 222 222 222 222 222 222 222 222 222 222 222 222 222 222 222 222 222 1
222 222 222 222 222 222 222 222 222 222 222 222 222 222 222 222 222 222 222 222 222 1
222 222 222 222 222 222 222 222 222 222 222 222 222 222 222 222 222 222 222 222 222 1
222 222 222 222 222 222 222 222 222 222 222 222 222 222 222 222 222 222 222 222 222 1
222 222 222 222 222 222 222 222 222 222 222 222 222 222 222 222 222 222 222 222 222 1
222 222 222 222 222 222 222 222 222 222 222 222 222 222 222 222 222 222 222 222 222 1
222 222 222 222 222 222 222 222 222 222 222 222 222 222 222 222 222 222 222 222 222 1
222 222 222 222 222 222 222 222 222 222 222 222 222 222 222 222 222 222 222 222 222 1
222 222 222 222 222 222 222 222 222 222 222 222 222 222 222 222 222 222 222 222 222 1
222 222 222 222 222 222 222 222 222 222 222 222 222 222 222 222 222 222 222 222 222 1
222 222 222 222 222 222 222 222 222 222 222 222 222 222 222 222 222 222 222 222 222 1
222 222 222 222 222 222 222 222 222 222 222 222 222 222 222 222 222 222 222 222 222 1
222 222 222 222 222 222 222 222 222 222 222 222 222 222 222 222 222 222 222 222 222 1
222 222 222 222 222 222 222 222 222 222 222 222 222 222 222 222 222 222 222 222 222 1
222 222 222 222 222 222 222 222 222 222 222 222 222 222 222 222 222 222 222 222 222 1
222 222 222 222 222 222 222 222 222 222 222 222 222 222 222 222 222 222 222 222 222 1
222 222 222 222 222 222 222 222 222 222 222 222 222 222 222 222 222 222 222 222 222 1
222 222 222 222 222 222 222 222 222 222 222 222 222 222 222 222 222 222 222 222 222 1
222 222 222 222 222 222 222 222 222 222 222 222 222 222 222 222 222 222 222 222 222 1
222 222 222 222 222 222 222 222 222 222 222 222 222 222 222 222 222 222 222 222 222 1
222 222 222 222 222 222 222 222 222 222 222 222 222 222 222 222 222 222 222 222 222 1
222 222 222 222 222 222 222 222 222 222 222 222 222 222 222 222 222 222 222 222 222 1
222 222 222 222 222 222 222 222 222 222 222 222 222 222 222 222 222 222 222 222 222 1
222 222 222 222 222 222 222 222 222 222 222 222 222 222 222 222 222 222 222 222 222 1
222 222 222 222 222 222 222 222 222 222 222 222 222 222 222 222 222 222 222 222 222 1
47 1 1 1 1 1 1 1 1 1 1 1 1 1 1 1 1 1 1 1 1 1
Case #32: Possible
998 1
1 1
Case #33: Possible
213 1 1 1 1 1 1 1 1 1 1 1 1 1 1 1 1 1 1 1 1 1 1 1 1 1 1 1 1 1 1 1 1 1 1 1 1 1 1 1 1 1 1 1 1 1 1 1
305 305 305 305 305 305 305 305 305 305 305 305 305 305 305 305 305 305 305 305 305 305 305 305 305 305 305 305 305 305 305 305 305 305 305 305 305 305 305 305 305 305 305 305 305 305 305 1
305 305 305 305 305 305 305 305 305 305 305 305 305 305 305 305 305 305 305 305 305 305 305 305 305 305 305 305 305 305 305 305 305 305 305 305 305 305 305 305 305 305 305 305 305 305 305 1
305 305 305 305 305 305 305 305 305 305 305 305 305 305 305 305 305 305 305 305 305 305 305 305 305 305 305 305 305 305 305 305 305 305 305 305 305 305 305 305 305 305 305 305 305 305 305 1
305 305 305 305 305 305 305 305 305 305 305 305 305 305 305 305 305 305 305 305 305 305 305 305 305 305 305 305 305 305 305 305 305 305 305 305 305 305 305 305 305 305 305 305 305 305 305 1
305 305 305 305 305 305 305 305 305 305 305 305 305 305 305 305 305 305 305 305 305 305 305 305 305 305 305 305 305 305 305 305 305 305 305 305 305 305 305 305 305 305 305 305 305 305 305 1
305 305 305 305 305 305 305 305 305 305 305 305 305 305 305 305 305 305 305 305 305 305 305 305 305 305 305 305 305 305 305 305 305 305 305 305 305 305 305 305 305 305 305 305 305 305 305 1
305 305 305 305 305 305 305 305 305 305 305 305 305 305 305 305 305 305 305 305 305 305 305 305 305 305 305 305 305 305 305 305 305 305 305 305 305 305 305 305 305 305 305 305 305 305 305 1
305 305 305 305 305 305 305 305 305 305 305 305 305 305 305 305 305 305 305 305 305 305 305 305 305 305 305 305 305 305 305 305 305 305 305 305 305 305 305 305 305 305 305 305 305 305 305 1
305 305 305 305 305 305 305 305 305 305 305 305 305 305 305 305 305 305 305 305 305 305 305 305 305 305 305 305 305 305 305 305 305 305 305 305 305 305 305 305 305 305 305 305 305 305 305 1
305 305 305 305 305 305 305 305 305 305 305 305 305 305 305 305 305 305 305 305 305 305 305 305 305 305 305 305 305 305 305 305 305 305 305 305 305 305 305 305 305 305 305 305 305 305 305 1
305 305 305 305 305 305 305 305 305 305 305 305 305 305 305 305 305 305 305 305 305 305 305 305 305 305 305 305 305 305 305 305 305 305 305 305 305 305 305 305 305 305 305 305 305 305 305 1
305 305 305 305 305 305 305 305 305 305 305 305 305 305 305 305 305 305 305 305 305 305 305 305 305 305 305 305 305 305 305 305 305 305 305 305 305 305 305 305 305 305 305 305 305 305 305 1
305 305 305 305 305 305 305 305 305 305 305 305 305 305 305 305 305 305 305 305 305 305 305 305 305 305 305 305 305 305 305 305 305 305 305 305 305 305 305 305 305 305 305 305 305 305 305 1
305 305 305 305 305 305 305 305 305 305 305 305 305 305 305 305 305 305 305 305 305 305 305 305 305 305 305 305 305 305 305 305 305 305 305 305 305 305 305 305 305 305 305 305 305 305 305 1
305 305 305 305 305 305 305 305 305 305 305 305 305 305 305 305 305 305 305 305 305 305 305 305 305 305 305 305 305 305 305 305 305 305 305 305 305 305 305 305 305 305 305 305 305 305 305 1
305 305 305 305 305 305 305 305 305 305 305 305 305 305 305 305 305 305 305 305 305 305 305 305 305 305 305 305 305 305 305 305 305 305 305 305 305 305 305 305 305 305 305 305 305 305 305 1
305 305 305 305 305 305 305 305 305 305 305 305 305 305 305 305 305 305 305 305 305 305 305 305 305 305 305 305 305 305 305 305 305 305 305 305 305 305 305 305 305 305 305 305 305 305 305 1
305 305 305 305 305 305 305 305 305 305 305 305 305 305 305 305 305 305 305 305 305 305 305 305 305 305 305 305 305 305 305 305 305 305 305 305 305 305 305 305 305 305 305 305 305 305 305 1
305 305 305 305 305 305 305 305 305 305 305 305 305 305 305 305 305 305 305 305 305 305 305 305 305 305 305 305 305 305 305 305 305 305 305 305 305 305 305 305 305 305 305 305 305 305 305 1
305 305 305 305 305 305 305 305 305 305 305 305 305 305 305 305 305 305 305 305 305 305 305 305 305 305 305 305 305 305 305 305 305 305 305 305 305 305 305 305 305 305 305 305 305 305 305 1
305 305 305 305 305 305 305 305 305 305 305 305 305 305 305 305 305 305 305 305 305 305 305 305 305 305 305 305 305 305 305 305 305 305 305 305 305 305 305 305 305 305 305 305 305 305 305 1
305 305 305 305 305 305 305 305 305 305 305 305 305 305 305 305 305 305 305 305 305 305 305 305 305 305 305 305 305 305 305 305 305 305 305 305 305 305 305 305 305 305 305 305 305 305 305 1
305 305 305 305 305 305 305 305 305 305 305 305 305 305 305 305 305 305 305 305 305 305 305 305 305 305 305 305 305 305 305 305 305 305 305 305 305 305 305 305 305 305 305 305 305 305 305 1
305 305 305 305 305 305 305 305 305 305 305 305 305 305 305 305 305 305 305 305 305 305 305 305 305 305 305 305 305 305 305 305 305 305 305 305 305 305 305 305 305 305 305 305 305 305 305 1
305 305 305 305 305 305 305 305 305 305 305 305 305 305 305 305 305 305 305 305 305 305 305 305 305 305 305 305 305 305 305 305 305 305 305 305 305 305 305 305 305 305 305 305 305 305 305 1
305 305 305 305 305 305 305 305 305 305 305 305 305 305 305 305 305 305 305 305 305 305 305 305 305 305 305 305 305 305 305 305 305 305 305 305 305 305 305 305 305 305 305 305 305 305 305 1
305 305 305 305 305 305 305 305 305 305 305 305 305 305 305 305 305 305 305 305 305 305 305 305 305 305 305 305 305 305 305 305 305 305 305 305 305 305 305 305 305 305 305 305 305 305 305 1
305 305 305 305 305 305 305 305 305 305 305 305 305 305 305 305 305 305 305 305 305 305 305 305 305 305 305 305 305 305 305 305 305 305 305 305 305 305 305 305 305 305 305 305 305 305 305 1
305 305 305 305 305 305 305 305 305 305 305 305 305 305 305 305 305 305 305 305 305 305 305 305 305 305 305 305 305 305 305 305 305 305 305 305 305 305 305 305 305 305 305 305 305 305 305 1
305 305 305 305 305 305 305 305 305 305 305 305 305 305 305 305 305 305 305 305 305 305 305 305 305 305 305 305 305 305 305 305 305 305 305 305 305 305 305 305 305 305 305 305 305 305 305 1
305 305 305 305 305 305 305 305 305 305 305 305 305 305 305 305 305 305 305 305 305 305 305 305 305 305 305 305 305 305 305 305 305 305 305 305 305 305 305 305 305 305 305 305 305 305 305 1
305 305 305 305 305 305 305 305 305 305 305 305 305 305 305 305 305 305 305 305 305 305 305 305 305 305 305 305 305 305 305 305 305 305 305 305 305 305 305 305 305 305 305 305 305 305 305 1
305 305 305 305 305 305 305 305 305 305 305 305 305 305 305 305 305 305 305 305 305 305 305 305 305 305 305 305 305 305 305 305 305 305 305 305 305 305 305 305 305 305 305 305 305 305 305 1
305 305 305 305 305 305 305 305 305 305 305 305 305 305 305 305 305 305 305 305 305 305 305 305 305 305 305 305 305 305 305 305 305 305 305 305 305 305 305 305 305 305 305 305 305 305 305 1
305 305 305 305 305 305 305 305 305 305 305 305 305 305 305 305 305 305 305 305 305 305 305 305 305 305 305 305 305 305 305 305 305 305 305 305 305 305 305 305 305 305 305 305 305 305 305 1
305 305 305 305 305 305 305 305 305 305 305 305 305 305 305 305 305 305 305 305 305 305 305 305 305 305 305 305 305 305 305 305 305 305 305 305 305 305 305 305 305 305 305 305 305 305 305 1
305 305 305 305 305 305 305 305 305 305 305 305 305 305 305 305 305 305 305 305 305 305 305 305 305 305 305 305 305 305 305 305 305 305 305 305 305 305 305 305 305 305 305 305 305 305 305 1
305 305 305 305 305 305 305 305 305 305 305 305 305 305 305 305 305 305 305 305 305 305 305 305 305 305 305 305 305 305 305 305 305 305 305 305 305 305 305 305 305 305 305 305 305 305 305 1
305 305 305 305 305 305 305 305 305 305 305 305 305 305 305 305 305 305 305 305 305 305 305 305 305 305 305 305 305 305 305 305 305 305 305 305 305 305 305 305 305 305 305 305 305 305 305 1
305 305 305 305 305 305 305 305 305 305 305 305 305 305 305 305 305 305 305 305 305 305 305 305 305 305 305 305 305 305 305 305 305 305 305 305 305 305 305 305 305 305 305 305 305 305 305 1
305 305 305 305 305 305 305 305 305 305 305 305 305 305 305 305 305 305 305 305 305 305 305 305 305 305 305 305 305 305 305 305 305 305 305 305 305 305 305 305 305 305 305 305 305 305 305 1
305 305 305 305 305 305 305 305 305 305 305 305 305 305 305 305 305 305 305 305 305 305 305 305 305 305 305 305 305 305 305 305 305 305 305 305 305 305 305 305 305 305 305 305 305 305 305 1
305 305 305 305 305 305 305 305 305 305 305 305 305 305 305 305 305 305 305 305 305 305 305 305 305 305 305 305 305 305 305 305 305 305 305 305 305 305 305 305 305 305 305 305 305 305 305 1
305 305 305 305 305 305 305 305 305 305 305 305 305 305 305 305 305 305 305 305 305 305 305 305 305 305 305 305 305 305 305 305 305 305 305 305 305 305 305 305 305 305 305 305 305 305 305 1
37 1 1 1 1 1 1 1 1 1 1 1 1 1 1 1 1 1 1 1 1 1 1 1 1 1 1 1 1 1 1 1 1 1 1 1 1 1 1 1 1 1 1 1 1 1 1 1
Case #34: Possible
4 1 1 1 1 1 1 1 1 1 1 1 1 1 1
35 35 35 35 35 35 35 35 35 35 35 35 35 35 1
35 35 35 35 35 35 35 35 35 35 35 35 35 35 1
35 35 35 35 35 35 35 35 35 35 35 35 35 35 1
17 1 1 1 1 1 1 1 1 1 1 1 1 1 1
Case #35: Impossible
Case #36: Possible
31 1 1 1 1 1 1 1 1 1 1 1 1 1 1 1 1 1 1 1 1 1 1 1 1 1 1 1 1 1 1 1 1 1 1 1 1 1 1 1 1 1 1 1 1 1 1 1 1 1
745 745 745 745 745 745 745 745 745 745 745 745 745 745 745 745 745 745 745 745 745 745 745 745 745 745 745 745 745 745 745 745 745 745 745 745 745 745 745 745 745 745 745 745 745 745 745 745 745 1
745 745 745 745 745 745 745 745 745 745 745 745 745 745 745 745 745 745 745 745 745 745 745 745 745 745 745 745 745 745 745 745 745 745 745 745 745 745 745 745 745 745 745 745 745 745 745 745 745 1
745 745 745 745 745 745 745 745 745 745 745 745 745 745 745 745 745 745 745 745 745 745 745 745 745 745 745 745 745 745 745 745 745 745 745 745 745 745 745 745 745 745 745 745 745 745 745 745 745 1
745 745 745 745 745 745 745 745 745 745 745 745 745 745 745 745 745 745 745 745 745 745 745 745 745 745 745 745 745 745 745 745 745 745 745 745 745 745 745 745 745 745 745 745 745 745 745 745 745 1
745 745 745 745 745 745 745 745 745 745 745 745 745 745 745 745 745 745 745 745 745 745 745 745 745 745 745 745 745 745 745 745 745 745 745 745 745 745 745 745 745 745 745 745 745 745 745 745 745 1
745 745 745 745 745 745 745 745 745 745 745 745 745 745 745 745 745 745 745 745 745 745 745 745 745 745 745 745 745 745 745 745 745 745 745 745 745 745 745 745 745 745 745 745 745 745 745 745 745 1
745 745 745 745 745 745 745 745 745 745 745 745 745 745 745 745 745 745 745 745 745 745 745 745 745 745 745 745 745 745 745 745 745 745 745 745 745 745 745 745 745 745 745 745 745 745 745 745 745 1
745 745 745 745 745 745 745 745 745 745 745 745 745 745 745 745 745 745 745 745 745 745 745 745 745 745 745 745 745 745 745 745 745 745 745 745 745 745 745 745 745 745 745 745 745 745 745 745 745 1
745 745 745 745 745 745 745 745 745 745 745 745 745 745 745 745 745 745 745 745 745 745 745 745 745 745 745 745 745 745 745 745 745 745 745 745 745 745 745 745 745 745 745 745 745 745 745 745 745 1
745 745 745 745 745 745 745 745 745 745 745 745 745 745 745 745 745 745 745 745 745 745 745 745 745 745 745 745 745 745 745 745 745 745 745 745 745 745 745 745 745 745 745 745 745 745 745 745 745 1
745 745 745 745 745 745 745 745 745 745 745 745 745 745 745 745 745 745 745 745 745 745 745 745 745 745 745 745 745 745 745 745 745 745 745 745 745 745 745 745 745 745 745 745 745 745 745 745 745 1
745 745 745 745 745 745 745 745 745 745 745 745 745 745 745 745 745 745 745 745 745 745 745 745 745 745 745 745 745 745 745 745 745 745 745 745 745 745 745 745 745 745 745 745 745 745 745 745 745 1
745 745 745 745 745 745 745 745 745 745 745 745 745 745 745 745 745 745 745 745 745 745 745 745 745 745 745 745 745 745 745 745 745 745 745 745 745 745 745 745 745 745 745 745 745 745 745 745 745 1
745 745 745 745 745 745 745 745 745 745 745 745 745 745 745 745 745 745 745 745 745 745 745 745 745 745 745 745 745 745 745 745 745 745 745 745 745 745 745 745 745 745 745 745 745 745 745 745 745 1
745 745 745 745 745 745 745 745 745 745 745 745 745 745 745 745 745 745 745 745 745 745 745 745 745 745 745 745 745 745 745 745 745 745 745 745 745 745 745 745 745 745 745 745 745 745 745 745 745 1
745 745 745 745 745 745 745 745 745 745 745 745 745 745 745 745 745 745 745 745 745 745 745 745 745 745 745 745 745 745 745 745 745 745 745 745 745 745 745 745 745 745 745 745 745 745 745 745 745 1
745 745 745 745 745 745 745 745 745 745 745 745 745 745 745 745 745 745 745 745 745 745 745 745 745 745 745 745 745 745 745 745 745 745 745 745 745 745 745 745 745 745 745 745 745 745 745 745 745 1
745 745 745 745 745 745 745 745 745 745 745 745 745 745 745 745 745 745 745 745 745 745 745 745 745 745 745 745 745 745 745 745 745 745 745 745 745 745 745 745 745 745 745 745 745 745 745 745 745 1
745 745 745 745 745 745 745 745 745 745 745 745 745 745 745 745 745 745 745 745 745 745 745 745 745 745 745 745 745 745 745 745 745 745 745 745 745 745 745 745 745 745 745 745 745 745 745 745 745 1
745 745 745 745 745 745 745 745 745 745 745 745 745 745 745 745 745 745 745 745 745 745 745 745 745 745 745 745 745 745 745 745 745 745 745 745 745 745 745 745 745 745 745 745 745 745 745 745 745 1
745 745 745 745 745 745 745 745 745 745 745 745 745 745 745 745 745 745 745 745 745 745 745 745 745 745 745 745 745 745 745 745 745 745 745 745 745 745 745 745 745 745 745 745 745 745 745 745 745 1
745 745 745 745 745 745 745 745 745 745 745 745 745 745 745 745 745 745 745 745 745 745 745 745 745 745 745 745 745 745 745 745 745 745 745 745 745 745 745 745 745 745 745 745 745 745 745 745 745 1
745 745 745 745 745 745 745 745 745 745 745 745 745 745 745 745 745 745 745 745 745 745 745 745 745 745 745 745 745 745 745 745 745 745 745 745 745 745 745 745 745 745 745 745 745 745 745 745 745 1
745 745 745 745 745 745 745 745 745 745 745 745 745 745 745 745 745 745 745 745 745 745 745 745 745 745 745 745 745 745 745 745 745 745 745 745 745 745 745 745 745 745 745 745 745 745 745 745 745 1
745 745 745 745 745 745 745 745 745 745 745 745 745 745 745 745 745 745 745 745 745 745 745 745 745 745 745 745 745 745 745 745 745 745 745 745 745 745 745 745 745 745 745 745 745 745 745 745 745 1
745 745 745 745 745 745 745 745 745 745 745 745 745 745 745 745 745 745 745 745 745 745 745 745 745 745 745 745 745 745 745 745 745 745 745 745 745 745 745 745 745 745 745 745 745 745 745 745 745 1
745 745 745 745 745 745 745 745 745 745 745 745 745 745 745 745 745 745 745 745 745 745 745 745 745 745 745 745 745 745 745 745 745 745 745 745 745 745 745 745 745 745 745 745 745 745 745 745 745 1
745 745 745 745 745 745 745 745 745 745 745 745 745 745 745 745 745 745 745 745 745 745 745 745 745 745 745 745 745 745 745 745 745 745 745 745 745 745 745 745 745 745 745 745 745 745 745 745 745 1
745 745 745 745 745 745 745 745 745 745 745 745 745 745 745 745 745 745 745 745 745 745 745 745 745 745 745 745 745 745 745 745 745 745 745 745 745 745 745 745 745 745 745 745 745 745 745 745 745 1
745 745 745 745 745 745 745 745 745 745 745 745 745 745 745 745 745 745 745 745 745 745 745 745 745 745 745 745 745 745 745 745 745 745 745 745 745 745 745 745 745 745 745 745 745 745 745 745 745 1
745 745 745 745 745 745 745 745 745 745 745 745 745 745 745 745 745 745 745 745 745 745 745 745 745 745 745 745 745 745 745 745 745 745 745 745 745 745 745 745 745 745 745 745 745 745 745 745 745 1
745 745 745 745 745 745 745 745 745 745 745 745 745 745 745 745 745 745 745 745 745 745 745 745 745 745 745 745 745 745 745 745 745 745 745 745 745 745 745 745 745 745 745 745 745 745 745 745 745 1
745 745 745 745 745 745 745 745 745 745 745 745 745 745 745 745 745 745 745 745 745 745 745 745 745 745 745 745 745 745 745 745 745 745 745 745 745 745 745 745 745 745 745 745 745 745 745 745 745 1
745 745 745 745 745 745 745 745 745 745 745 745 745 745 745 745 745 745 745 745 745 745 745 745 745 745 745 745 745 745 745 745 745 745 745 745 745 745 745 745 745 745 745 745 745 745 745 745 745 1
745 745 745 745 745 745 745 745 745 745 745 745 745 745 745 745 745 745 745 745 745 745 745 745 745 745 745 745 745 745 745 745 745 745 745 745 745 745 745 745 745 745 745 745 745 745 745 745 745 1
745 745 745 745 745 745 745 745 745 745 745 745 745 745 745 745 745 745 745 745 745 745 745 745 745 745 745 745 745 745 745 745 745 745 745 745 745 745 745 745 745 745 745 745 745 745 745 745 745 1
745 745 745 745 745 745 745 745 745 745 745 745 745 745 745 745 745 745 745 745 745 745 745 745 745 745 745 745 745 745 745 745 745 745 745 745 745 745 745 745 745 745 745 745 745 745 745 745 745 1
745 745 745 745 745 745 745 745 745 745 745 745 745 745 745 745 745 745 745 745 745 745 745 745 745 745 745 745 745 745 745 745 745 745 745 745 745 745 745 745 745 745 745 745 745 745 745 745 745 1
745 745 745 745 745 745 745 745 745 745 745 745 745 745 745 745 745 745 745 745 745 745 745 745 745 745 745 745 745 745 745 745 745 745 745 745 745 745 745 745 745 745 745 745 745 745 745 745 745 1
745 745 745 745 745 745 745 745 745 745 745 745 745 745 745 745 745 745 745 745 745 745 745 745 745 745 745 745 745 745 745 745 745 745 745 745 745 745 745 745 745 745 745 745 745 745 745 745 745 1
745 745 745 745 745 745 745 745 745 745 745 745 745 745 745 745 745 745 745 745 745 745 745 745 745 745 745 745 745 745 745 745 745 745 745 745 745 745 745 745 745 745 745 745 745 745 745 745 745 1
745 745 745 745 745 745 745 745 745 745 745 745 745 745 745 745 745 745 745 745 745 745 745 745 745 745 745 745 745 745 745 745 745 745 745 745 745 745 745 745 745 745 745 745 745 745 745 745 745 1
745 745 745 745 745 745 745 745 745 745 745 745 745 745 745 745 745 745 745 745 745 745 745 745 745 745 745 745 745 745 745 745 745 745 745 745 745 745 745 745 745 745 745 745 745 745 745 745 745 1
745 745 745 745 745 745 745 745 745 745 745 745 745 745 745 745 745 745 745 745 745 745 745 745 745 745 745 745 745 745 745 745 745 745 745 745 745 745 745 745 745 745 745 745 745 745 745 745 745 1
745 745 745 745 745 745 745 745 745 745 745 745 745 745 745 745 745 745 745 745 745 745 745 745 745 745 745 745 745 745 745 745 745 745 745 745 745 745 745 745 745 745 745 745 745 745 745 745 745 1
745 745 745 745 745 745 745 745 745 745 745 745 745 745 745 745 745 745 745 745 745 745 745 745 745 745 745 745 745 745 745 745 745 745 745 745 745 745 745 745 745 745 745 745 745 745 745 745 745 1
745 745 745 745 745 745 745 745 745 745 745 745 745 745 745 745 745 745 745 745 745 745 745 745 745 745 745 745 745 745 745 745 745 745 745 745 745 745 745 745 745 745 745 745 745 745 745 745 745 1
745 745 745 745 745 745 745 745 745 745 745 745 745 745 745 745 745 745 745 745 745 745 745 745 745 745 745 745 745 745 745 745 745 745 745 745 745 745 745 745 745 745 745 745 745 745 745 745 745 1
647 1 1 1 1 1 1 1 1 1 1 1 1 1 1 1 1 1 1 1 1 1 1 1 1 1 1 1 1 1 1 1 1 1 1 1 1 1 1 1 1 1 1 1 1 1 1 1 1 1
Case #37: Possible
199 1 1 1 1
205 205 205 205 1
159 1 1 1 1
Case #38: Possible
109 1 1 1 1
120 120 120 120 1
120 120 120 120 1
120 120 120 120 1
120 120 120 120 1
120 120 120 120 1
120 120 120 120 1
108 1 1 1 1
Case #39: Possible
20 1
500 1
500 1
500 1
500 1
500 1
500 1
500 1
500 1
500 1
500 1
500 1
500 1
500 1
500 1
500 1
500 1
500 1
500 1
500 1
500 1
500 1
500 1
500 1
500 1
500 1
500 1
500 1
500 1
500 1
500 1
500 1
500 1
500 1
500 1
500 1
500 1
500 1
500 1
500 1
500 1
500 1
500 1
500 1
500 1
500 1
500 1
500 1
500 1
450 1
Case #40: Possible
1 1 1 1 1
139 139 139 139 1
139 139 139 139 1
132 1 1 1 1
